140 140 145 153 163 165 163 158 152 148 147 147 143 147 146 141 138 123 114
140 144 154 160 160 153 152 152 150 148 147 148 142 139 137 130 124 123 120
138 143 150 150 147 147 148 143 141 137 134 130 127 132 130 127 132 128 124
130 135 139 140 140 140 137 130 134 133 128 126 125 128 98 99 128 119 111
125 127 127 139 136 135 133 132 135 131 129 134 154 210 204 148 125 125 128
120 121 127 136 135 133 135 138 133 134 138 189 239 247 197 147 128 140 145
133 153 165 150 143 141 156 160 156 144 191 233 231 217 173 146 136 142 150
162 186 200 180 168 170 179 180 175 198 231 210 160 193 245 184 140 150 154
156 213 184 147 171 162 169 179 196 217 215 164 73 141 210 148 145 174 163
152 213 189 133 125 123 120 179 230 209 161 132 61 78 160 66 115 181 169
168 206 208 158 164 140 112 136 168 172 123 103 65 117 173 101 140 151 154
160 219 231 181 183 150 95 101 124 119 123 98 95 165 155 144 162 159 145
154 221 232 205 158 112 86 85 106 97 108 107 118 161 167 157 159 148 139
149 220 219 196 142 109 85 75 92 93 95 106 121 165 168 158 169 140 141
159 205 206 192 157 104 80 59 77 86 80 104 126 172 165 166 169 166 151
155 192 194 182 168 107 69 50 70 83 79 89 125 173 157 167 165 163 143
131 179 185 179 165 111 58 66 58 65 78 97 121 168 157 167 147 145 134
125 164 181 162 142 161 127 91 95 75 86 136 172 170 164 172 171 159 114
140 157 178 167 151 153 161 144 162 132 109 155 169 159 175 161 161 173 156


